11.273817 17.33721 0.25
14.634929 6.7450438 0.25
14.35999 5.75152 0.25
11.212407 7.5391984 0.25
16.02019 16.882315 0.25
2.7232099 19.701532 0.25
14.98172 5.6163797 0.25
8.227171 2.7565336 0.25
9.862019 3.1453216 0.25
19.843565 3.2254207 0.25
11.416111 4.549388 0.25
16.55837 8.130626 0.25
4.151702 13.061189 0.25
2.1520734 2.3151171 0.25
3.608464 17.7229 0.25
17.588844 1.2320077 0.25
17.508867 16.261642 0.25
10.441499 2.1020794 0.25
1.6860378 15.315502 0.25
14.457485 16.339952 0.25
6.21475 8.478814 0.25
19.890425 2.2770345 0.25
6.112524 12.144814 0.25
12.4834585 9.636833 0.25
13.498863 18.26309 0.25
17.811262 13.933979 0.25
4.924834 0.6685531 0.25
3.9458287 0.773201 0.25
5.997411 1.6593695 0.25
14.048689 5.5317783 0.25
4.271058 2.398386 0.25
0.5126679 4.5444202 0.25
16.072989 4.192903 0.25
11.746339 8.911478 0.25
0.44115067 7.7906713 0.25
3.7426126 13.470488 0.25
7.2203264 19.847956 0.25
2.391119 11.170729 0.25
11.679493 5.322709 0.25
14.33576 19.746456 0.25
6.4429426 12.679535 0.25
18.360802 3.6849737 0.25
16.291203 6.732645 0.25
14.189672 13.331631 0.25
2.2707736 8.280493 0.25
18.64204 15.678387 0.25
9.901672 17.2957 0.25
11.820204 1.8715191 0.25
9.9989605 9.533316 0.25
18.95232 6.4857626 0.25
19.201492 17.528965 0.25
1.3357294 7.6972904 0.25
16.763155 3.907944 0.25
12.106579 15.861465 0.25
7.9072866 7.3232627 0.25
18.226873 8.02403 0.25
18.959177 16.86728 0.25
18.556053 9.663745 0.25
5.9415317 19.278019 0.25
10.835891 14.328047 0.25
6.4572563 3.7221766 0.25
6.0834575 0.6163168 0.25
19.850025 14.042529 0.25
1.1518776 1.3948047 0.25
14.222999 9.725066 0.25
6.098156 13.7094345 0.25
3.9398134 7.2774754 0.25
14.711649 9.349491 0.25
2.2000253 11.6118 0.25
2.9584265 12.5476 0.25
14.521269 11.276028 0.25
8.913374 11.114487 0.25
16.755056 15.6109705 0.25
16.07085 19.509745 0.25
6.265764 9.696503 0.25
19.716599 12.814446 0.25
18.189472 19.538181 0.25
12.964952 10.479436 0.25
11.582291 15.002822 0.25
9.63913 4.9706864 0.25
10.13319 0.35738468 0.25
0.6603253 16.125492 0.25
13.445061 2.4045765 0.25
2.5379336 9.564543 0.25
13.309532 7.142582 0.25
9.983659 15.1036 0.25
7.0929837 4.747058 0.25
7.9476357 16.204628 0.25
13.537589 8.479123 0.25
19.483183 8.820354 0.25
3.9372253 3.1045449 0.25
0.34068584 17.402643 0.25
19.582903 1.3936818 0.25
5.5385256 19.295519 0.25
9.9113 7.4835205 0.25
17.825733 12.260871 0.25
0.5936849 9.553557 0.25
7.5096884 18.278168 0.25
4.852766 6.801641 0.25
5.108845 2.1647668 0.25
