0.024093812
1, 458, 250, 495, 379, 142, 390, 351, 311, 30
2, 69, 411, 155, 401
3, 463, 99, 460, 339, 234, 192, 59, 398, 283, 265, 176, 158, 37
4, 246, 164, 38, 418, 363, 245
5, 114, 481, 203, 500, 399, 195, 74, 432, 359, 243
6, 186, 404, 199, 163, 442, 256, 130, 67
7, 360, 269, 65, 358, 200, 69, 470, 457, 75, 387, 57
8, 305, 300, 100, 179, 68, 107, 466, 322, 34, 309, 198
9, 170, 260, 474, 413, 357, 348, 113, 91
10, 410, 366, 438, 320, 273, 422, 267, 174, 127, 152, 353
11, 328, 119, 157, 72, 241, 264, 285, 452, 297, 290, 151, 104
12, 253, 480, 335, 321, 278, 101, 117, 58, 96, 407, 257, 182, 60
13, 487, 282, 226, 172, 492, 302, 144, 416, 89, 145
14, 310, 447, 226, 381
15, 211, 36, 426, 280
16, 430, 409, 43, 443, 371, 330, 213, 87
17, 32, 197, 194, 179, 68, 137, 100, 34
18, 225, 214, 95, 477, 110, 53
19, 223, 71, 389, 261, 230, 373, 81, 298, 235, 219
20, 232, 181, 94, 21, 231, 391, 375, 187, 184, 101, 64
21, 232, 94, 20, 231, 391, 375, 187, 184, 64
22, 372, 281, 434, 212, 156, 128, 45
23, 205, 408, 55, 24, 471, 138, 48, 26
24, 266, 205, 148, 408, 55, 23
25, 166, 483, 229, 188, 90, 394, 86
26, 58, 486, 407, 257, 182, 60, 408, 55, 23, 471, 153, 138, 48, 372, 281
27, 350, 287, 279, 225, 214, 95, 477, 110
28, 485, 202, 380, 244, 279
29, 295, 193, 292
30, 461, 414, 336, 334, 458, 250, 495, 390, 351, 311, 1
31, 222, 496, 449, 299, 167, 403, 473, 46
32, 197, 137, 17
33, 65, 75, 489, 145, 132, 49
34, 121, 100, 17, 197, 179, 68, 107, 466, 322, 8
35, 380, 244, 437, 305, 300, 121, 54
36, 475, 354, 426, 15
37, 155, 463, 99, 460, 192, 398, 283, 265, 176, 158, 3
38, 418, 363, 4, 237, 140, 397, 246, 164, 50
39, 358, 200, 69, 215, 468, 411
40, 429, 181, 308, 263
41, 230, 425, 271, 131, 70
42, 98, 439, 173, 147, 482, 415, 301, 270, 252, 171
43, 444, 126, 190, 111, 430, 409, 443, 371, 213, 87, 16
44, 222, 248, 258
45, 434, 212, 156, 128, 22, 116
46, 496, 449, 167, 31, 495, 473, 458, 431, 250
47, 129, 469, 490, 335, 384, 178, 392, 388, 224, 220, 204, 80
48, 486, 408, 55, 23, 471, 153, 138, 26, 372, 281
49, 79, 489, 145, 132, 33, 270, 439
50, 363, 421, 385, 377, 397, 164, 38, 109
51, 127, 467, 410, 378, 332, 120, 494, 366
52, 366, 76, 494, 462, 365, 464, 338
53, 214, 477, 110, 18
54, 380, 244, 437, 305, 121, 35
55, 408, 24, 23, 471, 153, 138, 48, 26
56, 208, 180, 141, 106, 442, 404, 199, 163
57, 269, 470, 457, 419, 75, 200, 69, 7, 387, 378
58, 253, 480, 321, 278, 471, 26, 117, 12, 96, 486, 407, 257, 182, 60
59, 283, 265, 3, 339, 216, 367, 238, 233, 73, 234, 192
60, 480, 58, 12, 471, 153, 26, 486, 407, 259, 257, 182, 156
61, 349, 79, 329, 291
62, 272, 133, 220, 204, 80, 93, 227, 175, 317, 189, 177
63, 114, 203, 464, 338, 217, 150, 255, 459, 451, 412, 402, 393
64, 21, 20, 266, 148, 391, 386, 375, 187, 184, 101
65, 489, 132, 33, 346, 84, 7, 360, 269, 470, 457, 75
66, 365, 343, 173, 147, 347, 294, 289
67, 313, 210, 345, 112, 256, 130, 6, 92
68, 100, 17, 72, 479, 197, 194, 179, 466, 34, 8, 328, 107
69, 468, 411, 39, 2, 358, 200, 7, 387, 57
70, 389, 368, 340, 323, 318, 261, 230, 41, 235
71, 219, 19, 491, 268, 251, 236, 223, 168
72, 479, 68, 157, 143, 328, 119, 297, 151, 11
73, 234, 59, 77, 367, 238, 233, 406, 208, 180
74, 152, 114, 422, 500, 399, 353, 195, 481, 432, 359, 5
75, 489, 132, 33, 360, 269, 65, 7, 387, 57, 470, 457
76, 494, 462, 52, 366, 464, 338, 152, 114
77, 234, 233, 406, 208, 73, 141, 396
78, 149, 424, 324, 304, 395, 349, 105, 276, 329
79, 349, 49, 61, 329, 291, 270
80, 62, 392, 47, 384, 178, 388, 224, 220, 204, 93
81, 298, 235, 219, 19, 131, 373, 115
82, 347, 288, 146, 453, 352, 254
83, 440, 337, 325, 139, 136
84, 356, 358, 346, 360, 269, 65
85, 177, 493, 497, 428, 93
86, 166, 483, 229, 188, 330, 400, 90, 394, 25
87, 430, 409, 43, 455, 443, 371, 330, 213, 16, 134
88, 196, 498, 341, 303, 103
89, 492, 302, 377, 109, 416, 13, 145
90, 229, 394, 86, 25, 443, 371, 330, 400, 134
91, 472, 275, 170, 260, 474, 413, 357, 348, 113, 9
92, 130, 67
93, 62, 339, 216, 189, 177, 220, 204, 80, 85
94, 232, 21, 20, 184
95, 287, 279, 225, 214, 27, 477, 18
96, 388, 480, 335, 278, 58, 12, 407, 259, 257, 182, 384, 178, 493
97, 341, 303, 418, 363, 245, 154, 172, 421, 385
98, 349, 482, 415, 301, 291, 270, 42, 171, 329, 122
99, 155, 296, 460, 463, 317, 398, 283, 265, 176, 158, 37, 3
100, 197, 179, 68, 107, 17, 121, 466, 322, 34, 8
101, 355, 253, 231, 20, 391, 386, 375, 187, 184, 64, 480, 321, 117, 12
102, 106, 488, 185
103, 196, 154, 498, 341, 303, 88, 447, 172
104, 119, 452, 290, 151, 11, 483, 285, 229, 188, 382, 307, 166
105, 424, 324, 304, 395, 349, 78, 369, 295, 276, 329
106, 102, 56, 442, 209
107, 100, 466, 34, 8, 197, 179, 68, 328, 119, 198
108, 355, 249, 231, 490, 312, 293, 392
109, 421, 377, 50, 89
110, 214, 27, 287, 477, 53, 18
111, 207, 126, 430, 409, 43, 472, 275, 170, 474, 260, 190
112, 484, 313, 210, 67, 345
113, 499, 441, 376, 191, 474, 413, 357, 348, 91, 9
114, 462, 464, 338, 63, 76, 399, 195, 74, 5, 152, 459, 412, 393, 481, 203
115, 298, 235, 131, 373, 81, 240
116, 45
117, 253, 480, 321, 278, 391, 386, 375, 187, 101, 58, 12, 257, 182
118, 389, 368, 340, 323, 318, 261, 465, 319, 237, 218, 140, 223
119, 157, 72, 452, 297, 290, 151, 11, 382, 307, 104, 328, 107, 242
120, 419, 401, 467, 410, 378, 332, 51
121, 380, 244, 100, 322, 34, 437, 305, 300, 54, 35
122, 98, 482, 301, 252, 171, 254, 315
123, 333, 364, 248
124, 143, 478, 423, 241
125, 495, 379, 142
126, 275, 190, 111, 207, 135, 444, 430, 409, 43
127, 467, 410, 332, 51, 366, 438, 422, 267, 174, 10
128, 493, 486, 259, 434, 212, 156, 45, 22
129, 392, 47, 469, 221
130, 313, 186, 404, 256, 6, 345, 92, 67
131, 425, 271, 41, 115, 81
132, 269, 65, 470, 457, 75, 489, 49, 33, 439
133, 240, 272, 221, 227, 175, 62
134, 443, 371, 330, 87, 455, 160, 169, 400, 90
135, 243, 342, 331, 190, 207, 126
136, 337, 83
137, 280, 32, 17
138, 55, 23, 471, 153, 48, 26, 372, 281
139, 440, 337, 198, 325, 274, 242, 83
140, 397, 246, 38, 340, 323, 465, 319, 237, 218, 118
141, 77, 396, 406, 208, 180, 404, 199, 163, 56, 306, 186
142, 250, 390, 1, 495, 379, 125
143, 479, 459, 478, 423, 241, 124, 157, 72, 297
144, 487, 447, 282, 226, 172, 416, 13, 492, 302
145, 492, 302, 89, 13, 489, 49, 33
146, 252, 453, 352, 82, 343, 347, 294, 289, 288
147, 415, 42, 439, 343, 173, 66
148, 386, 64, 161, 450, 266, 205, 24
149, 310, 78, 381, 201, 183, 424, 304
150, 326, 464, 338, 217, 63, 451, 412, 402, 393
151, 328, 119, 157, 72, 285, 452, 297, 290, 11, 382, 307, 104
152, 462, 464, 366, 76, 422, 10, 500, 399, 353, 195, 74, 114
153, 486, 60, 55, 471, 138, 48, 26, 372, 281
154, 341, 303, 103, 418, 363, 245, 97, 172, 421, 385, 377
155, 463, 99, 398, 176, 37, 2, 401
156, 493, 486, 407, 259, 257, 60, 372, 434, 212, 128, 45, 22
157, 479, 241, 143, 72, 328, 119, 452, 297, 151, 11
158, 463, 99, 234, 192, 398, 283, 265, 176, 37, 3
159, 453, 352, 383, 326
160, 455, 134, 169
161, 446, 286, 239, 450, 148
162, 344, 499, 436, 431, 461, 414
163, 141, 442, 404, 199, 56, 210, 186, 256, 6
164, 418, 363, 4, 237, 397, 246, 38, 377, 50
165, 324, 304, 369, 295, 276, 193
166, 327, 382, 307, 104, 483, 229, 188, 86, 25, 374
167, 436, 222, 31, 496, 449, 299, 473, 431, 46
168, 491, 268, 251, 236, 223, 71, 219, 215, 356
169, 400, 134, 160, 454
170, 435, 474, 357, 91, 9, 472, 275, 260, 111
171, 98, 315, 122, 482, 415, 301, 42, 252, 254
172, 196, 341, 303, 103, 154, 97, 385, 416, 13, 487, 447, 282, 226, 144
173, 415, 42, 252, 439, 343, 147, 66, 347, 289
174, 410, 332, 366, 438, 422, 267, 127, 10
175, 296, 272, 133, 220, 227, 62, 317, 189, 177
176, 155, 401, 463, 99, 192, 398, 283, 265, 158, 37, 3
177, 175, 62, 93, 85, 460, 339, 216, 189
178, 47, 388, 224, 80, 335, 278, 384, 96, 493
179, 100, 17, 479, 197, 194, 68, 466, 34, 8, 107
180, 56, 406, 208, 73, 141
181, 263, 40, 20, 232, 312, 293, 231
182, 480, 321, 278, 96, 117, 58, 12, 471, 26, 486, 407, 259, 257, 60
183, 310, 206, 381, 201, 149
184, 232, 231, 94, 21, 20, 391, 386, 375, 187, 101, 64
185, 102
186, 306, 141, 404, 199, 163, 256, 130, 6, 313, 210
187, 253, 231, 21, 20, 391, 386, 375, 184, 101, 64, 117
188, 382, 307, 104, 483, 285, 229, 166, 86, 25
189, 317, 227, 175, 62, 220, 204, 93, 460, 339, 216, 177
190, 207, 135, 126, 430, 409, 43, 275, 260, 111, 213
191, 413, 348, 113, 344, 499, 441, 376
192, 463, 398, 283, 265, 176, 158, 37, 3, 460, 339, 216, 234, 59
193, 324, 369, 295, 276, 165, 29
194, 17, 420, 255, 479, 197, 179, 68
195, 152, 114, 422, 314, 500, 399, 353, 74, 481, 432, 359, 5
196, 498, 341, 303, 103, 88, 447, 172
197, 32, 100, 17, 479, 194, 179, 68, 34, 107
198, 466, 8, 107, 325, 274, 242, 440, 337, 309, 139
199, 141, 442, 404, 163, 56, 186, 6
200, 360, 269, 411, 39, 358, 69, 7, 387, 57
201, 310, 206, 381, 183, 149
202, 485, 362, 28
203, 338, 217, 63, 459, 451, 412, 402, 393, 114, 5, 481
204, 62, 392, 47, 388, 224, 220, 80, 189, 93
205, 386, 450, 266, 148, 408, 24, 23
206, 310, 381, 201, 183
207, 243, 275, 190, 111, 135, 126, 430
208, 77, 233, 56, 406, 180, 73, 141
209, 106, 364, 442, 333
210, 484, 306, 404, 163, 67, 313, 186, 345, 112
211, 277, 475, 284, 354, 15
212, 493, 486, 259, 372, 434, 156, 128, 45, 22
213, 430, 409, 43, 190, 455, 443, 371, 87, 16
214, 287, 279, 225, 95, 27, 477, 110, 53, 18
215, 491, 268, 251, 236, 168, 358, 39
216, 93, 367, 238, 460, 339, 189, 177, 265, 234, 192, 59
217, 326, 203, 338, 150, 63, 420, 255, 459, 451, 412, 402, 393
218, 389, 368, 340, 323, 318, 261, 465, 319, 237, 140, 118
219, 268, 223, 71, 373, 81, 298, 235, 19, 168
220, 175, 62, 392, 47, 388, 224, 204, 80, 189, 93
221, 240, 129, 469, 272, 133, 227
222, 44, 31, 449, 299, 167
223, 319, 237, 118, 389, 368, 340, 235, 219, 19, 268, 236, 71, 168
224, 392, 47, 335, 384, 178, 388, 220, 204, 80
225, 287, 279, 214, 95, 27, 477, 18
226, 14, 416, 13, 487, 447, 282, 172, 302, 144
227, 296, 272, 221, 133, 175, 62, 317, 189
228, 336, 334, 316, 370
229, 382, 307, 104, 371, 330, 90, 483, 285, 188, 166, 86, 25
230, 70, 41, 389, 368, 340, 323, 318, 261, 235, 19
231, 312, 293, 108, 181, 21, 20, 391, 375, 187, 184, 101, 355, 253, 249, 490
232, 94, 21, 20, 184, 181
233, 234, 59, 367, 238, 77, 406, 208, 73
234, 283, 265, 158, 3, 339, 216, 238, 233, 73, 192, 59, 77
235, 223, 389, 318, 261, 230, 70, 373, 115, 81, 298, 219, 19
236, 215, 491, 268, 251, 223, 71, 356, 168
237, 397, 246, 164, 38, 465, 319, 218, 140, 118, 223
238, 216, 234, 59, 367, 233, 406, 73
239, 446, 286, 161
240, 298, 373, 115, 272, 221, 133
241, 157, 143, 478, 423, 124, 452, 297, 11, 444, 264
242, 198, 119, 290, 382, 325, 274, 139, 327
243, 314, 342, 331, 432, 359, 5, 207, 135
244, 437, 121, 54, 35, 380, 28
245, 341, 303, 418, 363, 154, 97, 4, 421, 385
246, 418, 4, 237, 140, 397, 164, 38
247, 445, 417, 361
248, 333, 364, 123, 258, 44
249, 312, 293, 108, 355, 231, 392, 490, 321
250, 495, 379, 142, 473, 458, 46, 351, 311, 30, 1
251, 215, 491, 268, 236, 71, 356, 168
252, 122, 482, 415, 42, 173, 146, 171, 254
253, 391, 386, 375, 187, 101, 117, 58, 12, 355, 231, 490, 480, 321, 278
254, 315, 122, 252, 171, 453, 82
255, 326, 217, 63, 459, 451, 412, 402, 420, 479, 194
256, 186, 404, 163, 130, 6, 67
257, 480, 321, 278, 96, 117, 58, 12, 471, 26, 486, 407, 259, 182, 60, 156
258, 248, 44
259, 96, 486, 407, 257, 182, 60, 493, 434, 212, 156, 128
260, 472, 275, 170, 474, 357, 91, 9, 190, 111
261, 218, 118, 70, 389, 368, 340, 323, 318, 230, 235, 19
262, 448, 396, 306, 484, 433
263, 429, 181, 308, 40
264, 452, 297, 11, 423, 241, 444, 483, 285
265, 463, 317, 99, 460, 339, 216, 234, 192, 59, 398, 283, 176, 158, 37, 3
266, 386, 64, 450, 205, 148, 408, 24
267, 410, 366, 438, 320, 273, 422, 174, 127, 10, 353
268, 219, 215, 491, 251, 236, 223, 71, 356, 168
269, 132, 346, 84, 358, 200, 7, 387, 57, 360, 65, 470, 457, 75
270, 329, 98, 79, 49, 439, 482, 415, 301, 291, 42
271, 131, 41, 308, 429, 425
272, 240, 221, 133, 227, 175, 62
273, 422, 267, 10, 500, 353, 476, 438, 320, 314
274, 198, 325, 242, 139, 327
275, 207, 126, 474, 91, 472, 170, 409, 260, 190, 111
276, 324, 304, 395, 105, 78, 369, 295, 193, 165
277, 405, 292, 475, 284, 211
278, 355, 253, 117, 58, 12, 407, 257, 182, 480, 335, 321, 388, 384, 178, 96
279, 28, 287, 225, 214, 95, 27
280, 137, 426, 15, 362
281, 486, 22, 471, 153, 138, 48, 26, 372
282, 416, 13, 487, 447, 226, 172, 492, 302, 144
283, 463, 99, 460, 339, 234, 192, 59, 398, 265, 176, 158, 37, 3
284, 405, 277, 315, 475, 211, 354
285, 452, 151, 11, 382, 307, 104, 264, 483, 229, 188
286, 446, 239, 161, 450
287, 279, 225, 214, 95, 27, 350, 477, 110
288, 453, 352, 82, 343, 365, 347, 294, 289, 146, 383
289, 352, 343, 173, 66, 365, 347, 294, 288, 146
290, 328, 119, 452, 297, 151, 11, 242, 382, 307, 104
291, 349, 329, 98, 79, 61, 482, 301, 270
292, 405, 29, 277
293, 181, 355, 249, 231, 490, 312, 108
294, 343, 66, 365, 347, 289, 288, 146
295, 324, 395, 105, 369, 276, 193, 165, 29
296, 411, 227, 175, 463, 317, 99
297, 479, 328, 119, 157, 143, 72, 423, 241, 264, 452, 290, 151, 11
298, 373, 115, 81, 240, 235, 219, 19
299, 222, 31, 496, 449, 167
300, 322, 8, 309, 437, 305, 121, 35, 350
301, 349, 329, 98, 482, 415, 291, 270, 42, 122, 171
302, 487, 282, 226, 416, 89, 13, 145, 492, 144
303, 196, 245, 154, 97, 385, 498, 341, 103, 88, 447, 172
304, 149, 395, 105, 78, 424, 324, 369, 276, 165
305, 322, 8, 309, 437, 300, 121, 54, 35, 350
306, 396, 141, 262, 210, 186
307, 119, 452, 290, 151, 483, 285, 229, 188, 382, 104, 166
308, 429, 425, 271, 263, 40
309, 305, 300, 350, 466, 322, 8, 440, 337, 198
310, 14, 206, 381, 201, 183, 149
311, 414, 336, 334, 458, 250, 390, 351, 30, 1
312, 181, 355, 249, 231, 490, 293, 108
313, 484, 130, 67, 210, 186, 345, 112
314, 500, 195, 448, 273, 432, 359, 243, 342, 331
315, 405, 171, 254, 122, 284
316, 499, 370, 228, 461, 414, 336, 334
317, 296, 227, 175, 62, 460, 339, 189, 463, 99, 265
318, 218, 118, 70, 389, 368, 340, 323, 261, 230, 235
319, 397, 368, 340, 323, 465, 237, 218, 140, 118, 223
320, 422, 267, 10, 476, 438, 353, 273
321, 355, 253, 249, 391, 101, 117, 58, 12, 257, 182, 490, 480, 335, 278
322, 305, 300, 121, 100, 466, 34, 8, 309
323, 465, 319, 218, 140, 118, 70, 389, 368, 340, 318, 261, 230
324, 395, 105, 78, 304, 369, 295, 276, 193, 165
325, 440, 337, 198, 274, 242, 139, 83, 327
326, 159, 217, 150, 451, 402, 383, 420, 255
327, 325, 274, 242, 427, 374, 166
328, 479, 68, 157, 72, 452, 297, 290, 151, 11, 119, 107
329, 395, 349, 105, 78, 79, 61, 301, 291, 270, 98
330, 229, 443, 371, 87, 16, 394, 86, 400, 134, 90
331, 500, 432, 359, 243, 314, 342, 135
332, 401, 174, 127, 467, 410, 378, 120, 51, 366
333, 209, 364, 248, 123
334, 370, 228, 461, 414, 351, 311, 30, 336, 316
335, 47, 355, 12, 490, 480, 321, 278, 388, 224, 384, 178, 96
336, 370, 228, 461, 414, 390, 351, 311, 30, 334, 316
337, 350, 325, 440, 309, 198, 139, 136, 83
338, 462, 52, 76, 114, 203, 464, 217, 150, 63, 459, 451, 412, 402, 393
339, 463, 317, 93, 460, 216, 189, 177, 283, 265, 3, 234, 192, 59
340, 465, 319, 218, 140, 118, 70, 389, 368, 323, 318, 261, 230, 223
341, 196, 363, 245, 154, 97, 421, 385, 498, 303, 103, 88, 447, 172
342, 432, 359, 243, 314, 331, 135
343, 365, 173, 147, 66, 347, 294, 289, 288, 146
344, 436, 162, 499, 441, 191
345, 313, 210, 130, 67, 112
346, 356, 358, 84, 360, 269, 65
347, 453, 352, 82, 343, 173, 66, 365, 294, 289, 288, 146
348, 499, 441, 191, 474, 413, 357, 113, 91, 9
349, 79, 61, 301, 291, 395, 105, 78, 329, 98
350, 27, 305, 300, 440, 337, 309, 287
351, 461, 414, 336, 334, 458, 250, 495, 390, 311, 30, 1
352, 347, 289, 288, 146, 383, 453, 82, 159
353, 152, 422, 267, 10, 320, 273, 500, 399, 195, 74
354, 211, 475, 284, 36
355, 312, 293, 108, 391, 101, 253, 249, 231, 490, 335, 321, 278
356, 346, 84, 491, 268, 251, 236, 168, 360, 358
357, 472, 170, 260, 474, 413, 348, 113, 91, 9
358, 346, 84, 360, 269, 356, 215, 39, 200, 69, 7
359, 500, 399, 195, 74, 314, 342, 331, 432, 243, 5
360, 346, 84, 356, 358, 200, 7, 269, 65, 75
361, 445, 417, 247
362, 280, 485, 202
363, 341, 164, 38, 50, 418, 245, 154, 97, 4, 421, 385, 377
364, 209, 333, 248, 123
365, 343, 66, 347, 294, 289, 288, 494, 52
366, 494, 462, 52, 467, 410, 332, 51, 267, 174, 127, 10, 76, 464, 152
367, 216, 59, 428, 497, 238, 233, 73
368, 465, 319, 218, 118, 70, 389, 340, 323, 318, 261, 230, 223
369, 324, 304, 395, 105, 295, 276, 193, 165
370, 461, 336, 334, 316, 228
371, 483, 229, 430, 43, 443, 330, 213, 87, 16, 134, 90
372, 486, 212, 156, 22, 471, 153, 138, 48, 26, 281
373, 298, 235, 219, 19, 115, 81, 240
374, 327, 427, 166
375, 253, 231, 21, 20, 391, 386, 187, 184, 101, 64, 117
376, 113, 499, 441, 191
377, 363, 154, 164, 109, 50, 421, 385, 89
378, 419, 387, 57, 467, 410, 332, 120, 51
379, 458, 250, 1, 495, 142, 125
380, 437, 121, 54, 35, 244, 28
381, 310, 206, 14, 201, 183, 149, 424
382, 119, 242, 452, 290, 151, 483, 285, 229, 188, 307, 104, 166
383, 453, 352, 159, 288, 326, 420
384, 47, 388, 224, 80, 335, 278, 178, 96, 493
385, 341, 303, 172, 418, 363, 245, 154, 97, 50, 421, 377
386, 253, 266, 205, 148, 391, 375, 187, 184, 101, 64, 117
387, 269, 470, 457, 419, 75, 200, 69, 7, 57, 378
388, 392, 47, 335, 278, 384, 178, 96, 224, 220, 204, 80
389, 465, 218, 118, 70, 368, 340, 323, 318, 261, 230, 223, 235, 19
390, 336, 142, 351, 311, 30, 1
391, 355, 253, 231, 21, 20, 386, 375, 187, 184, 101, 64, 321, 117
392, 129, 469, 108, 249, 490, 47, 388, 224, 220, 204, 80
393, 338, 217, 150, 63, 114, 481, 203, 459, 451, 412, 402
394, 330, 400, 90, 86, 25
395, 424, 324, 304, 349, 105, 78, 369, 295, 276, 329
396, 77, 406, 306, 141, 262
397, 319, 237, 140, 246, 164, 38, 50
398, 155, 401, 463, 99, 192, 283, 265, 176, 158, 37, 3, 438
399, 152, 114, 422, 500, 353, 195, 74, 481, 432, 359, 5
400, 394, 86, 330, 169, 134, 90
401, 410, 332, 120, 155, 2, 398, 176
402, 326, 420, 255, 338, 217, 150, 63, 203, 459, 451, 412, 393
403, 31
404, 141, 442, 199, 163, 56, 210, 186, 256, 130, 6
405, 315, 284, 292, 277
406, 77, 238, 233, 208, 180, 73, 396, 141
407, 480, 278, 96, 58, 12, 471, 26, 486, 259, 257, 182, 60, 156
408, 266, 205, 55, 24, 23, 471, 48, 26
409, 126, 275, 190, 111, 430, 43, 443, 213, 87, 16
410, 401, 267, 174, 127, 10, 467, 378, 332, 120, 51, 366
411, 200, 69, 296, 468, 39, 2
412, 420, 255, 338, 217, 150, 63, 114, 481, 203, 459, 451, 402, 393
413, 499, 441, 191, 474, 357, 348, 113, 91, 9
414, 458, 431, 351, 311, 30, 461, 162, 336, 334, 316
415, 98, 439, 173, 147, 482, 301, 270, 42, 252, 171
416, 487, 447, 282, 226, 172, 492, 302, 144, 89, 13
417, 445, 361, 247
418, 246, 164, 38, 363, 245, 154, 97, 4, 385
419, 387, 57, 467, 378, 120, 470, 457
420, 383, 326, 217, 451, 412, 402, 255, 194
421, 341, 363, 245, 154, 97, 109, 50, 385, 377
422, 476, 438, 320, 273, 267, 174, 127, 10, 152, 500, 399, 353, 195, 74
423, 143, 478, 241, 124, 297, 444, 264
424, 381, 149, 395, 105, 78, 304
425, 131, 41, 308, 429, 271
426, 36, 280, 15
427, 327, 374
428, 493, 497, 85, 367
429, 308, 263, 40, 425, 271
430, 444, 207, 126, 190, 111, 409, 43, 443, 371, 213, 87, 16
431, 436, 414, 162, 496, 449, 167, 473, 458, 46
432, 481, 500, 399, 195, 74, 314, 342, 331, 359, 243, 5
433, 448, 484, 262, 435
434, 493, 259, 212, 156, 128, 45, 22
435, 472, 170, 484, 433
436, 344, 496, 449, 167, 473, 431, 162
437, 380, 244, 305, 300, 121, 54, 35
438, 422, 267, 174, 127, 10, 398, 476, 320, 273
439, 482, 415, 270, 42, 132, 49, 173, 147
440, 350, 325, 337, 309, 198, 139, 83
441, 413, 348, 113, 344, 499, 376, 191
442, 404, 199, 163, 56, 106, 209, 6
443, 430, 409, 43, 455, 371, 330, 213, 87, 16, 134, 90
444, 478, 423, 241, 126, 430, 43, 264
445, 417, 361, 247
446, 286, 239, 161
447, 196, 14, 341, 303, 103, 416, 487, 282, 226, 172, 144
448, 433, 262, 314
449, 436, 222, 31, 496, 299, 167, 473, 431, 46
450, 286, 161, 266, 205, 148
451, 326, 420, 255, 338, 217, 150, 63, 203, 459, 412, 402, 393
452, 328, 119, 157, 241, 264, 483, 285, 297, 290, 151, 11, 382, 307, 104
453, 347, 288, 146, 383, 352, 254, 82, 159
454, 169
455, 443, 213, 87, 160, 134
456, 488
457, 132, 269, 65, 7, 387, 57, 470, 419, 75
458, 414, 495, 379, 473, 431, 250, 46, 351, 311, 30, 1
459, 255, 338, 217, 63, 114, 481, 203, 451, 412, 402, 393, 143
460, 463, 317, 99, 339, 216, 189, 177, 283, 265, 37, 3, 192
461, 351, 30, 414, 162, 370, 336, 334, 316
462, 366, 76, 152, 114, 494, 52, 464, 338
463, 155, 296, 460, 339, 192, 317, 99, 398, 283, 265, 176, 158, 37, 3
464, 494, 462, 52, 366, 76, 152, 114, 338, 150, 63
465, 389, 368, 340, 323, 319, 237, 218, 140, 118
466, 100, 179, 68, 107, 322, 34, 8, 309, 198
467, 419, 127, 410, 378, 332, 120, 51, 366
468, 69, 411, 39
469, 129, 392, 47, 221
470, 132, 269, 65, 7, 387, 57, 457, 419, 75
471, 58, 486, 407, 257, 182, 60, 408, 55, 23, 153, 138, 48, 26, 372, 281
472, 435, 474, 357, 91, 275, 170, 260, 111
473, 436, 496, 449, 167, 31, 458, 431, 250, 46
474, 472, 275, 170, 260, 111, 413, 357, 348, 113, 91, 9
475, 277, 284, 211, 354, 36
476, 422, 438, 320, 273
477, 225, 214, 95, 27, 287, 110, 53, 18
478, 143, 423, 241, 124, 444
479, 255, 157, 143, 72, 297, 197, 194, 179, 68, 328
480, 253, 101, 117, 58, 12, 407, 257, 182, 60, 335, 321, 278, 96
481, 459, 412, 393, 114, 399, 195, 74, 432, 5, 203
482, 98, 439, 415, 301, 291, 270, 42, 122, 252, 171
483, 452, 382, 307, 104, 264, 371, 285, 229, 188, 166, 86, 25
484, 313, 210, 112, 433, 262, 435
485, 362, 202, 28
486, 58, 471, 153, 48, 26, 372, 281, 407, 259, 257, 182, 60, 212, 156, 128
487, 416, 13, 447, 282, 226, 172, 302, 144
488, 456, 102
489, 65, 75, 145, 132, 49, 33
490, 312, 293, 108, 392, 47, 355, 253, 249, 231, 335, 321
491, 215, 268, 251, 236, 71, 356, 168
492, 282, 416, 89, 13, 145, 302, 144
493, 428, 85, 384, 178, 96, 259, 434, 212, 156, 128
494, 51, 366, 76, 462, 365, 52, 464
495, 458, 250, 46, 351, 30, 1, 379, 142, 125
496, 436, 31, 449, 299, 167, 473, 431, 46
497, 428, 85, 367
498, 196, 341, 303, 103, 88
499, 413, 348, 113, 344, 162, 316, 441, 376, 191
500, 152, 422, 314, 273, 331, 399, 353, 195, 74, 432, 359, 5
