3.0 3.0 0.7 2.0 0.0 0.0
0.011627674 0.08272052 0.2 0.9 0.8678845 0.9456694
0.11103988 0.1323688 0.2 0.9 0.8427031 0.4323125
0.08749366 0.14859319 0.2 0.9 1.4496129 0.40017736
0.13637662 0.043088198 0.2 0.9 1.1878526 0.4974203
0.13427973 0.19577742 0.2 0.9 1.7793136 1.5767165
0.054455996 0.013350248 0.2 0.9 0.84901965 0.24596334
0.19890189 0.06218791 0.2 0.9 1.4310888 0.81350386
0.04061699 0.007082224 0.2 0.9 1.9979969 0.615769
0.15564203 0.12690902 0.2 0.9 1.9429723 1.5953085
0.12623072 0.16986728 0.2 0.9 0.67648435 1.3838894
0.04015684 0.036426783 0.2 0.9 1.758437 0.05177498
0.053133965 0.13169765 0.2 0.9 1.0869025 0.07547653
0.066012144 0.113425255 0.2 0.9 1.979708 1.4100382
0.06933451 0.10909915 0.2 0.9 0.054778695 1.3524934
0.12049317 0.01874566 0.2 0.9 0.44015908 0.4905541
0.17825365 0.057229996 0.2 0.9 1.1156273 0.20649052
0.19339323 0.16480207 0.2 0.9 0.04073274 0.27309513
0.088721514 0.19916415 0.2 0.9 0.17520976 1.6294198
0.14593244 0.11527181 0.2 0.9 1.383539 1.3674573
0.13296962 0.09167194 0.2 0.9 0.085858226 0.31309974
0.10725975 0.112223625 0.2 0.9 0.85445476 0.15558863
0.035493374 0.1654625 0.2 0.9 1.1580604 0.5040219
0.021890402 0.07143974 0.2 0.9 0.022119164 1.3699793
0.09979248 0.14942646 0.2 0.9 1.1612422 0.20114279
0.12130976 0.11902928 0.2 0.9 0.3829441 0.3506919
0.18637776 0.16884565 0.2 0.9 0.13830161 1.614427
0.023027658 0.04156947 0.2 0.9 0.090308905 0.5911753
0.11626601 0.096098185 0.2 0.9 0.8487575 1.2324507
0.063933134 0.06205082 0.2 0.9 1.9450566 0.21554732
0.080257654 0.1328373 0.2 0.9 0.7777189 0.35855556
0.18216848 0.014915466 0.2 0.9 0.76290035 1.6160281
0.079488754 0.004976988 0.2 0.9 1.9771848 1.3727348
0.05365014 0.039448738 0.2 0.9 1.2186484 0.38438427
0.04688263 0.12814403 0.2 0.9 1.237142 0.26892614
0.11530638 0.14346123 0.2 0.9 0.3889265 1.5132643
0.11097312 0.14876366 0.2 0.9 1.0357413 1.6943237
0.12767911 0.052734613 0.2 0.9 1.1448444 1.3497499
0.0767231 0.002667904 0.2 0.9 0.846244 1.0027713
0.018501282 0.08074522 0.2 0.9 1.867775 1.0949224
0.11121869 0.007959604 0.2 0.9 1.3298823 0.13339972
0.012363195 0.010367632 0.2 0.9 1.0334784 0.3430655
0.19741893 0.18509746 0.2 0.9 0.64227295 0.33012915
0.10735631 0.11831045 0.2 0.9 0.9304066 1.702688
0.17634153 0.147686 0.2 0.9 1.3780392 0.5412204
0.14856577 0.13332367 0.2 0.9 0.8622031 1.3728168
0.08258343 0.027000904 0.2 0.9 0.1097312 1.3023354
0.11290908 0.062669516 0.2 0.9 1.7090071 1.2057267
0.09379983 0.17904401 0.2 0.9 0.26594234 0.17086756
0.028921366 0.036346912 0.2 0.9 0.6136576 1.7671852
0.1776588 0.08902192 0.2 0.9 0.032895327 1.807845
0.02001524 0.11914015 0.2 0.9 1.0457674 0.8009516
0.013898611 0.04013896 0.2 0.9 0.8524767 0.902326
0.15916824 0.016264915 0.2 0.9 1.3112379 0.5622275
0.11832714 0.0357759 0.2 0.9 1.2373021 0.6051471
0.0914669 0.038838387 0.2 0.9 0.6252886 1.60305
0.15713573 0.19589901 0.2 0.9 0.21117163 0.5430429
0.1319933 0.14399767 0.2 0.9 1.408008 1.7878052
0.10189295 0.17584443 0.2 0.9 0.71537924 1.8962257
0.057286024 0.16509414 0.2 0.9 1.1410409 1.6943444
0.16407847 0.1992929 0.2 0.9 0.39316535 1.0937457
0.167526 0.04989624 0.2 0.9 1.0018599 0.10134983
0.09821415 0.005168915 0.2 0.9 1.0688771 1.380089
0.00300169 0.07571697 0.2 0.9 0.7793422 1.4680413
0.19793749 0.1614821 0.2 0.9 0.45052493 0.6490222
0.19951463 0.1258111 0.2 0.9 1.3784828 1.766059
0.10222435 0.1754129 0.2 0.9 0.56428003 0.1516062
0.0183177 0.044748783 0.2 0.9 0.008562565 1.9316354
0.019140244 0.16273022 0.2 0.9 1.7288663 1.443516
0.15871406 0.071223974 0.2 0.9 1.4083728 0.9942591
0.02655983 0.11238575 0.2 0.9 0.56468344 0.48790348
0.023077726 0.1475048 0.2 0.9 0.60234606 1.8505874
0.18505812 0.045067072 0.2 0.9 1.2025323 1.0177954
0.073776245 0.008163452 0.2 0.9 1.7079962 1.1089369
0.0019931793 0.18719196 0.2 0.9 0.7812704 1.9484783
0.09975314 0.08754611 0.2 0.9 0.6312015 1.8418539
0.124447346 0.1112175 0.2 0.9 0.39373147 0.59656596
0.1649046 0.13816714 0.2 0.9 0.9636401 1.9237047
0.12564898 0.07421374 0.2 0.9 0.8070462 1.9702802
0.03356099 0.12642503 0.2 0.9 0.87852037 1.5436864
0.07385254 0.17235875 0.2 0.9 0.53794885 1.102478
0.17944574 0.1607132 0.2 0.9 1.9401051 1.0051148
0.13945699 0.16795516 0.2 0.9 0.45981753 0.76313007
0.10941148 0.06286621 0.2 0.9 1.3838494 1.3364698
0.0068974495 0.045312643 0.2 0.9 1.0026745 1.7193627
0.17220855 0.11956215 0.2 0.9 1.120948 1.1795164
0.1241529 0.16636252 0.2 0.9 1.5131867 0.06467497
0.03196597 0.056889057 0.2 0.9 1.0299662 0.8771641
0.10118842 0.068216324 0.2 0.9 1.3144351 0.08773351
0.09569526 0.19407868 0.2 0.9 1.1723824 1.7844163
0.14493465 0.05247116 0.2 0.9 0.23199666 0.7748964
0.15923977 0.0014257431 0.2 0.9 0.01691091 0.0025436878
0.1903522 0.027798414 0.2 0.9 1.4287587 1.882944
0.15929818 0.13312936 0.2 0.9 1.4598131 1.3805609
0.048784018 0.055872202 0.2 0.9 1.7862887 0.25314212
0.1271379 0.04037261 0.2 0.9 1.2139971 0.97695816
0.08090615 0.07346749 0.2 0.9 0.43058658 1.6158274
0.018019676 0.09986639 0.2 0.9 0.7491828 1.6990675
0.034104586 0.0014603138 0.2 0.9 1.2683978 0.455927
0.1242125 0.02466917 0.2 0.9 1.7184597 1.3424302
0.13516068 0.0509727 0.2 0.9 0.45317173 1.4447578
